function [outb1,outb2,outb3,outb4,outb5,outb6] = PolyExp_pipeline4( inb1,inb2,inb3,inb4,inb5,inb6, ...
				                  				                    inb1_P,inb2_P,inb3_P,inb1_N,inb2_N,inb3_N,k);
%--------------------------------------------								
n = 8;			
%--------------------------------------------
g    = zeros(1,n*6 + 3 + n);
xg   = zeros(1,n*6 + 3 + n + n*2 + 1);
xxg  = zeros(1,n*6 + 3 + n + n*2 + 1 + n*2 + 1);
%--------------------------------------------
g(1, 1) = 7.425750567660737e-11;  xg(1, 1) = -5.940600454128590e-10; xxg(1, 1) = 4.752480363302872e-09;
g(1, 2) = 1.357346656654903e-08;  xg(1, 2) = -9.501426596584319e-08; xxg(1, 2) = 6.650998617609023e-07;
g(1, 3) = 1.238932971502896e-06;  xg(1, 3) = -7.433597829017376e-06; xxg(1, 3) = 4.460158697410425e-05;
g(1, 4) = 5.646917756715771e-05;  xg(1, 4) = -2.823458878357885e-04; xxg(1, 4) = 0.001411729439179;
g(1, 5) = 0.001285225836022;      xg(1, 5) = -0.005140903344087;     xxg(1, 5) = 0.020563613376348;
g(1, 6) = 0.014606906292119;      xg(1, 6) = -0.043820718876357;     xxg(1, 6) = 0.131462156629071;
g(1, 7) = 0.082897614969052;      xg(1, 7) = -0.165795229938103;     xxg(1, 7) = 0.331590459876207;
g(1, 8) = 0.234926576512800;      xg(1, 8) = -0.234926576512800;     xxg(1, 8) = 0.234926576512800;
g(1, 9) = 0.332451909263490;      xg(1, 9) = 0.0;                    xxg(1, 9) = 0.0;
g(1,10) = 0.234926576512800;      xg(1,10) = 0.234926576512800;      xxg(1,10) = 0.234926576512800;
g(1,11) = 0.082897614969052;      xg(1,11) = 0.165795229938103;      xxg(1,11) = 0.331590459876207;
g(1,12) = 0.014606906292119;      xg(1,12) = 0.043820718876357;      xxg(1,12) = 0.131462156629071;
g(1,13) = 0.001285225836022;      xg(1,13) = 0.005140903344087;      xxg(1,13) = 0.020563613376348;
g(1,14) = 5.646917756715771e-05;  xg(1,14) = 2.823458878357885e-04;  xxg(1,14) = 0.001411729439179;
g(1,15) = 1.238932971502896e-06;  xg(1,15) = 7.433597829017376e-06;  xxg(1,15) = 4.460158697410425e-05;
g(1,16) = 1.357346656654903e-08;  xg(1,16) = 9.501426596584319e-08;  xxg(1,16) = 6.650998617609023e-07;
g(1,17) = 7.425750567660737e-11;  xg(1,17) = 5.940600454128590e-10;  xxg(1,17) = 4.752480363302872e-09;		 
%--------------------------------------------
tg = inb1_P + inb1_N;
g0 = g(1,k+9);
outb1 = inb1 + tg * g0;
outb4 = inb4 + tg * xxg(1,k+9);
outb2 = inb2 + (inb1_P - inb1_N) * xg(1,k+9);
outb3 = inb3 + (inb2_P + inb2_N) * g0;
outb6 = inb6 + (inb2_P - inb2_N) * xg(1,k+9);
outb5 = inb5 + (inb3_P + inb3_N) * g0;
end
